372.1753176799752
61.849488157962625
33.664031369372594
25.730071068741765
11.900653687093028
6.475964677778601
5.315588365441827
5.426970209689032
7.412003677066985
5.682961518199703
3.259398541016499
4.573263979170587
3.005246953555553
9.554600828698156
9.43779122966243
3.322865427794085
2.272271844385702
2.641696335095087
4.166825768011578
1.9176943817083068
2.176945660084312
1.0189177262596787
2.789547821373266
1.2665146073323628
1.786760449048906
1.0417699981174355
1.0029123730663285
0.9685135890514582
1.5596378169517828
0.6249839403229811
0.9371118456101042
0.7614497575176089
0.8795166926955188
0.5915764624282707
0.3662155091051879
0.3562901232726336
0.43479317726430555
0.21457760486493166
0.1963171427120111
0.24483985242012365
0.24634433487671634
0.26346079119630983
0.16558724941603978
0.18651816630803708
0.19141742828831512
0.20203536831840285
0.19057973248936053
0.25496449703837654
0.23944740313618976
0.10557909554594411
0.09209012020610408
0.07155480758973319
0.09124574922550618
0.07797676078336462
0.10605440666748302
0.10239098432448777
0.08070687698530363
0.037800202620067766
0.042889083360672015
0.035984972102244404
0.029214858811931418
0.027052636647905498
0.028109707974803895
0.040384020489127426
0.06324059771209517
0.04081112423575935
0.07020191814159688
0.053640643585574736
0.03757945257266506
0.022204069948585644
0.021019331027922854
0.02136214877313214
0.01651948338076464
0.013536426905695566
0.024688959837456014
0.024271998832930478
0.03676969325835824
0.0399228829797271
0.016289543767468412
0.014533062692672787
0.02018426694736936
0.010846697747468652
0.01327891100995925
0.012218189870554104
0.012146453761027685
0.01581069335382413
0.013394903426594034
0.016083152747928483
0.006014392382908979
0.008087461572666259
0.009328156551862154
0.011001144548841147
0.010515124673253872
0.01319741633955738
0.02139747841081381
0.010918695564777257
0.007457843904935039
0.008842280978135447
0.009494568350997728
0.007182657762020874
0.013756629111845898
0.006896135964100571
0.0062259968618304275
0.004297577570823399
0.006744421715800886
0.005232436709969527
0.008057589307563322
0.007776899373898952
0.00701079146164217
0.013500437674053357
0.006642388905751865
0.0029894198710128535
0.0033793047898460623
0.004650892150055649
0.0032112740665481937
0.0031324863194193576
0.0034550739165299243
0.0037935927056831596
0.004200164117351879
0.005232727100385392
0.0032706803318906627
0.002592207555938807
0.002306548818119593
0.0023935152480617024
0.002578510264794154
0.002587456141016932
0.0017483093261211396
0.0019030739160754155
0.003682598069679105
0.001978975079573925
0.0010170638821055834
0.0027155398300860722
0.0016716908203425072
0.001943016537932813
0.0018280177156651746
0.0020136660311293325
0.0032089703074388585
0.002342197258522374
0.0016438413139596055
0.0016289914154020372
0.0011223008657828615
0.0015207206278323763
0.0008868870045349852
